> Track line x1,y1 =     .00  -40.00 x2,y2 =   40.00   20.00 dd=     .100	sample
0	-40	0.	0.0379289
0.0554785	-39.9168	.100000001	0.04045
0.110957	-39.8336	.200000003	0.0430034
0.166435	-39.7503	.300000012	0.0455883
0.221914	-39.6671	.400000006	0.0482041
0.277392	-39.5839	.5	0.0508505
0.332871	-39.5007	.600000024	0.0535271
0.388349	-39.4175	.700000048	0.0562342
0.443828	-39.3343	.800000072	0.0589719
0.499306	-39.251	.900000095	0.0617408
0.554785	-39.1678	1.00000012	0.0645416
0.610263	-39.0846	1.10000014	0.0673754
0.665742	-39.0014	1.20000017	0.0702433
0.72122	-38.9182	1.30000019	0.0731422
0.776699	-38.835	1.40000021	0.0760681
0.832177	-38.7517	1.50000024	0.0790209
0.887656	-38.6685	1.60000026	0.082001
0.943134	-38.5853	1.70000029	0.0850085
0.998613	-38.5021	1.80000031	0.0880442
1.05409	-38.4189	1.90000033	0.0911283
1.10957	-38.3356	2.00000024	0.0942799
1.16505	-38.2524	2.10000014	0.0974934
1.22053	-38.1692	2.20000005	0.100764
1.27601	-38.086	2.29999995	0.104085
1.33148	-38.0028	2.39999986	0.107453
1.38696	-37.9196	2.49999976	0.110862
1.44244	-37.8363	2.59999967	0.114304
1.49792	-37.7531	2.69999957	0.117775
1.5534	-37.6699	2.79999948	0.121267
1.60888	-37.5867	2.89999938	0.124775
1.66435	-37.5035	2.99999928	0.128294
1.71983	-37.4203	3.09999919	0.131816
1.77531	-37.337	3.19999909	0.135336
1.83079	-37.2538	3.299999	0.138849
1.88627	-37.1706	3.3999989	0.142348
1.94175	-37.0874	3.49999881	0.145828
1.99723	-37.0042	3.59999871	0.149282
2.0527	-36.9209	3.69999862	0.152746
2.10818	-36.8377	3.79999852	0.156263
2.16366	-36.7545	3.89999843	0.159823
2.21914	-36.6713	3.99999833	0.163418
2.27462	-36.5881	4.09999847	0.167039
2.3301	-36.5049	4.19999838	0.170679
2.38558	-36.4216	4.29999828	0.174327
2.44105	-36.3384	4.39999819	0.177976
2.49653	-36.2552	4.49999809	0.181616
2.55201	-36.172	4.599998	0.185239
2.60749	-36.0888	4.6999979	0.188837
2.66297	-36.0056	4.79999781	0.192399
2.71845	-35.9223	4.89999771	0.195918
2.77393	-35.8391	4.99999762	0.199387
2.8294	-35.7559	5.09999752	0.202797
2.88488	-35.6727	5.19999743	0.20614
2.94036	-35.5895	5.29999733	0.209407
2.99584	-35.5062	5.39999723	0.21259
3.05132	-35.423	5.49999714	0.215717
3.1068	-35.3398	5.59999704	0.218832
3.16228	-35.2566	5.69999695	0.221929
3.21775	-35.1734	5.79999685	0.225002
3.27323	-35.0902	5.89999676	0.228045
3.32871	-35.0069	5.99999666	0.231051
3.38419	-34.9237	6.09999657	0.234015
3.43967	-34.8405	6.19999647	0.23693
3.49515	-34.7573	6.29999638	0.23979
3.55063	-34.6741	6.39999628	0.24259
3.6061	-34.5909	6.49999619	0.245322
3.66158	-34.5076	6.59999609	0.247981
3.71706	-34.4244	6.69999599	0.250562
3.77254	-34.3412	6.7999959	0.253057
3.82802	-34.258	6.8999958	0.255461
3.8835	-34.1748	6.99999571	0.257768
3.93898	-34.0915	7.09999561	0.259972
3.99445	-34.0083	7.19999552	0.262068
4.04993	-33.9251	7.29999542	0.264062
4.10541	-33.8419	7.39999533	0.265974
4.16089	-33.7587	7.49999523	0.267803
4.21637	-33.6755	7.59999514	0.269549
4.27185	-33.5922	7.69999504	0.271212
4.32732	-33.509	7.79999495	0.272791
4.3828	-33.4258	7.89999485	0.274288
4.43828	-33.3426	7.99999475	0.275702
4.49376	-33.2594	8.09999466	0.277032
4.54924	-33.1762	8.19999504	0.27828
4.60472	-33.0929	8.29999542	0.279445
4.6602	-33.0097	8.3999958	0.280527
4.71567	-32.9265	8.49999619	0.281529
4.77115	-32.8433	8.59999657	0.282453
4.82663	-32.7601	8.69999695	0.283297
4.88211	-32.6768	8.79999733	0.284061
4.93759	-32.5936	8.89999771	0.284745
4.99307	-32.5104	8.99999809	0.285349
5.04855	-32.4272	9.09999847	0.285859
5.10402	-32.344	9.19999886	0.286256
5.1595	-32.2608	9.29999924	0.286545
5.21498	-32.1775	9.39999962	0.286731
5.27046	-32.0943	9.5	0.286821
5.32594	-32.0111	9.60000038	0.28682
5.38142	-31.9279	9.70000076	0.286735
5.4369	-31.8447	9.80000114	0.286574
5.49237	-31.7615	9.90000153	0.286344
5.54785	-31.6782	10.0000019	0.286048
5.60333	-31.595	10.1000023	0.285692
5.65881	-31.5118	10.2000027	0.285281
5.71429	-31.4286	10.3000031	0.284821
5.76977	-31.3454	10.4000034	0.284318
5.82525	-31.2621	10.5000038	0.283777
5.88072	-31.1789	10.6000042	0.283203
5.9362	-31.0957	10.7000046	0.282603
5.99168	-31.0125	10.800005	0.281983
6.04716	-30.9293	10.9000053	0.281323
6.10264	-30.8461	11.0000057	0.280583
6.15812	-30.7628	11.1000061	0.279771
6.2136	-30.6796	11.2000065	0.278892
6.26907	-30.5964	11.3000069	0.277954
6.32455	-30.5132	11.4000072	0.276964
6.38003	-30.43	11.5000076	0.275927
6.43551	-30.3468	11.600008	0.274852
6.49099	-30.2635	11.7000084	0.273744
6.54647	-30.1803	11.8000088	0.272611
6.60195	-30.0971	11.9000092	0.27146
6.65742	-30.0139	12.0000095	0.270297
6.7129	-29.9307	12.1000099	0.269128
6.76838	-29.8475	12.2000103	0.267962
6.82386	-29.7642	12.3000107	0.266804
6.87934	-29.681	12.4000111	0.265662
6.93482	-29.5978	12.5000114	0.264542
6.9903	-29.5146	12.6000118	0.263451
7.04577	-29.4314	12.7000122	0.262373
7.10125	-29.3481	12.8000126	0.261271
7.15673	-29.2649	12.900013	0.260148
7.21221	-29.1817	13.0000134	0.259009
7.26769	-29.0985	13.1000137	0.257856
7.32317	-29.0153	13.2000141	0.256694
7.37865	-28.9321	13.3000145	0.255527
7.43412	-28.8488	13.4000149	0.254359
7.4896	-28.7656	13.5000153	0.253194
7.54508	-28.6824	13.6000156	0.252035
7.60056	-28.5992	13.700016	0.250887
7.65604	-28.516	13.8000164	0.249753
7.71152	-28.4328	13.9000168	0.248639
7.767	-28.3495	14.0000172	0.247547
7.82247	-28.2663	14.1000175	0.246482
7.87795	-28.1831	14.2000179	0.245448
7.93343	-28.0999	14.3000183	0.244448
7.98891	-28.0167	14.4000187	0.243488
8.04439	-27.9334	14.5000191	0.242559
8.09987	-27.8502	14.6000195	0.241639
8.15534	-27.767	14.7000198	0.240731
8.21082	-27.6838	14.8000202	0.239834
8.2663	-27.6006	14.9000206	0.23895
8.32178	-27.5174	15.000021	0.23808
8.37726	-27.4341	15.1000214	0.237226
8.43274	-27.3509	15.2000217	0.236389
8.48821	-27.2677	15.3000221	0.23557
8.54369	-27.1845	15.4000225	0.23477
8.59917	-27.1013	15.5000229	0.233991
8.65465	-27.0181	15.6000233	0.233233
8.71013	-26.9348	15.7000237	0.232499
8.7656	-26.8516	15.800024	0.23179
8.82108	-26.7684	15.9000244	0.231106
8.87656	-26.6852	16.0000248	0.23045
8.93204	-26.602	16.1000252	0.229823
8.98752	-26.5187	16.2000256	0.229226
9.04299	-26.4355	16.3000259	0.228658
9.09847	-26.3523	16.4000263	0.228113
9.15395	-26.2691	16.5000267	0.227589
9.20943	-26.1859	16.6000271	0.227087
9.26491	-26.1027	16.7000275	0.226606
9.32038	-26.0194	16.8000278	0.226146
9.37586	-25.9362	16.9000282	0.225707
9.43134	-25.853	17.0000286	0.225287
9.48682	-25.7698	17.100029	0.224887
9.5423	-25.6866	17.2000294	0.224507
9.59778	-25.6034	17.3000298	0.224147
9.65325	-25.5201	17.4000301	0.223807
9.70873	-25.4369	17.5000305	0.223485
9.76421	-25.3537	17.6000309	0.223184
9.81969	-25.2705	17.7000313	0.222902
9.87517	-25.1873	17.8000317	0.222641
9.93064	-25.104	17.900032	0.222399
9.98612	-25.0208	18.0000324	0.222177
10.0416	-24.9376	18.1000328	0.221976
10.0971	-24.8544	18.2000332	0.221799
10.1526	-24.7712	18.3000336	0.221644
10.208	-24.688	18.400034	0.221511
10.2635	-24.6047	18.5000343	0.2214
10.319	-24.5215	18.6000347	0.22131
10.3745	-24.4383	18.7000351	0.22124
10.4299	-24.3551	18.8000355	0.221189
10.4854	-24.2719	18.9000359	0.221158
10.5409	-24.1887	19.0000362	0.221145
10.5964	-24.1054	19.1000366	0.221151
10.6519	-24.0222	19.200037	0.221174
10.7073	-23.939	19.3000374	0.221213
10.7628	-23.8558	19.4000378	0.221267
10.8183	-23.7726	19.5000381	0.221335
10.8738	-23.6893	19.6000385	0.221417
10.9292	-23.6061	19.7000389	0.221513
10.9847	-23.5229	19.8000393	0.221622
11.0402	-23.4397	19.9000397	0.221745
11.0957	-23.3565	20.0000401	0.22189
11.1512	-23.2733	20.1000404	0.222055
11.2066	-23.19	20.2000408	0.22224
11.2621	-23.1068	20.3000412	0.222444
11.3176	-23.0236	20.4000416	0.222668
11.3731	-22.9404	20.500042	0.22291
11.4286	-22.8572	20.6000423	0.223168
11.484	-22.774	20.7000427	0.223442
11.5395	-22.6907	20.8000431	0.223732
11.595	-22.6075	20.9000435	0.224037
11.6505	-22.5243	21.0000439	0.224356
11.7059	-22.4411	21.1000443	0.22469
11.7614	-22.3579	21.2000446	0.225036
11.8169	-22.2746	21.300045	0.225396
11.8724	-22.1914	21.4000454	0.225769
11.9279	-22.1082	21.5000458	0.226153
11.9833	-22.025	21.6000462	0.226549
12.0388	-21.9418	21.7000465	0.226956
12.0943	-21.8586	21.8000469	0.22738
12.1498	-21.7753	21.9000473	0.22782
12.2052	-21.6921	22.0000477	0.228275
12.2607	-21.6089	22.1000481	0.228744
12.3162	-21.5257	22.2000484	0.229228
12.3717	-21.4425	22.3000488	0.229726
12.4272	-21.3593	22.4000492	0.230237
12.4826	-21.276	22.5000496	0.23076
12.5381	-21.1928	22.60005	0.231296
12.5936	-21.1096	22.7000504	0.231842
12.6491	-21.0264	22.8000507	0.232399
12.7045	-20.9432	22.9000511	0.232966
12.76	-20.8599	23.0000515	0.233542
12.8155	-20.7767	23.1000519	0.234127
12.871	-20.6935	23.2000523	0.234719
12.9265	-20.6103	23.3000526	0.235318
12.9819	-20.5271	23.400053	0.235922
13.0374	-20.4439	23.5000534	0.236533
13.0929	-20.3606	23.6000538	0.237153
13.1484	-20.2774	23.7000542	0.237782
13.2039	-20.1942	23.8000546	0.23842
13.2593	-20.111	23.9000549	0.239065
13.3148	-20.0278	24.0000553	0.239718
13.3703	-19.9446	24.1000557	0.240376
13.4258	-19.8613	24.2000561	0.24104
13.4812	-19.7781	24.3000565	0.241709
13.5367	-19.6949	24.4000568	0.242382
13.5922	-19.6117	24.5000572	0.243058
13.6477	-19.5285	24.6000576	0.243736
13.7032	-19.4452	24.700058	0.244416
13.7586	-19.362	24.8000584	0.245097
13.8141	-19.2788	24.9000587	0.245778
13.8696	-19.1956	25.0000591	0.246458
13.9251	-19.1124	25.1000595	0.247136
13.9805	-19.0292	25.2000599	0.247813
14.036	-18.9459	25.3000603	0.248487
14.0915	-18.8627	25.4000607	0.249161
14.147	-18.7795	25.500061	0.249835
14.2025	-18.6963	25.6000614	0.250508
14.2579	-18.6131	25.7000618	0.25118
14.3134	-18.5299	25.8000622	0.25185
14.3689	-18.4466	25.9000626	0.252518
14.4244	-18.3634	26.0000629	0.253183
14.4798	-18.2802	26.1000633	0.253845
14.5353	-18.197	26.2000637	0.254505
14.5908	-18.1138	26.3000641	0.25516
14.6463	-18.0305	26.4000645	0.255812
14.7018	-17.9473	26.5000648	0.256459
14.7572	-17.8641	26.6000652	0.257099
14.8127	-17.7809	26.7000656	0.25773
14.8682	-17.6977	26.800066	0.258353
14.9237	-17.6145	26.9000664	0.258967
14.9792	-17.5312	27.0000668	0.259574
15.0346	-17.448	27.1000671	0.260174
15.0901	-17.3648	27.2000675	0.260769
15.1456	-17.2816	27.3000679	0.26136
15.2011	-17.1984	27.4000683	0.261947
15.2565	-17.1152	27.5000687	0.262529
15.312	-17.0319	27.600069	0.263109
15.3675	-16.9487	27.7000694	0.263684
15.423	-16.8655	27.8000698	0.264249
15.4785	-16.7823	27.9000702	0.264806
15.5339	-16.6991	28.0000706	0.265353
15.5894	-16.6158	28.100071	0.265893
15.6449	-16.5326	28.2000713	0.266425
15.7004	-16.4494	28.3000717	0.266951
15.7558	-16.3662	28.4000721	0.26747
15.8113	-16.283	28.5000725	0.267984
15.8668	-16.1998	28.6000729	0.268493
15.9223	-16.1165	28.7000732	0.268998
15.9778	-16.0333	28.8000736	0.269499
16.0332	-15.9501	28.900074	0.269996
16.0887	-15.8669	29.0000744	0.270484
16.1442	-15.7837	29.1000748	0.270962
16.1997	-15.7005	29.2000751	0.271432
16.2552	-15.6172	29.3000755	0.271894
16.3106	-15.534	29.4000759	0.272349
16.3661	-15.4508	29.5000763	0.272798
16.4216	-15.3676	29.6000767	0.273241
16.4771	-15.2844	29.7000771	0.27368
16.5325	-15.2011	29.8000774	0.274114
16.588	-15.1179	29.9000778	0.274546
16.6435	-15.0347	30.0000782	0.274975
16.699	-14.9515	30.1000786	0.275401
16.7545	-14.8683	30.200079	0.27582
16.8099	-14.7851	30.3000793	0.276232
16.8654	-14.7018	30.4000797	0.276637
16.9209	-14.6186	30.5000801	0.277036
16.9764	-14.5354	30.6000805	0.277431
17.0319	-14.4522	30.7000809	0.277821
17.0873	-14.369	30.8000813	0.278206
17.1428	-14.2858	30.9000816	0.278585
17.1983	-14.2025	31.000082	0.278959
17.2538	-14.1193	31.1000824	0.27933
17.3093	-14.0361	31.2000828	0.279698
17.3647	-13.9529	31.3000832	0.280063
17.4202	-13.8697	31.4000835	0.280421
17.4757	-13.7864	31.5000839	0.280772
17.5312	-13.7032	31.6000843	0.281117
17.5866	-13.62	31.7000847	0.281458
17.6421	-13.5368	31.8000851	0.281795
17.6976	-13.4536	31.9000854	0.28213
17.7531	-13.3704	32.0000839	0.282463
17.8086	-13.2871	32.1000824	0.282796
17.864	-13.2039	32.2000809	0.28313
17.9195	-13.1207	32.3000793	0.283467
17.975	-13.0375	32.4000778	0.283807
18.0305	-12.9543	32.5000763	0.284152
18.086	-12.8711	32.6000748	0.284492
18.1414	-12.7878	32.7000732	0.284829
18.1969	-12.7046	32.8000717	0.285163
18.2524	-12.6214	32.9000702	0.285496
18.3079	-12.5382	33.0000687	0.285829
18.3634	-12.455	33.1000671	0.286165
18.4188	-12.3717	33.2000656	0.286504
18.4743	-12.2885	33.3000641	0.28685
18.5298	-12.2053	33.4000626	0.287203
18.5853	-12.1221	33.500061	0.287566
18.6408	-12.0389	33.6000595	0.28794
18.6962	-11.9557	33.700058	0.288327
18.7517	-11.8724	33.8000565	0.288721
18.8072	-11.7892	33.9000549	0.289122
18.8627	-11.706	34.0000534	0.289534
18.9181	-11.6228	34.1000519	0.289959
18.9736	-11.5396	34.2000504	0.290399
19.0291	-11.4564	34.3000488	0.290856
19.0846	-11.3731	34.4000473	0.29133
19.1401	-11.2899	34.5000458	0.291821
19.1955	-11.2067	34.6000443	0.292332
19.251	-11.1235	34.7000427	0.292866
19.3065	-11.0403	34.8000412	0.293424
19.362	-10.9571	34.9000397	0.294008
19.4175	-10.8738	35.0000381	0.294612
19.4729	-10.7906	35.1000366	0.295235
19.5284	-10.7074	35.2000351	0.29588
19.5839	-10.6242	35.3000336	0.29655
19.6394	-10.541	35.400032	0.297246
19.6949	-10.4577	35.5000305	0.297972
19.7503	-10.3745	35.600029	0.298729
19.8058	-10.2913	35.7000275	0.29952
19.8613	-10.2081	35.8000259	0.300346
19.9168	-10.1249	35.9000244	0.30121
19.9722	-10.0417	36.0000229	0.302113
20.0277	-9.95844	36.1000214	0.303057
20.0832	-9.87522	36.2000198	0.304034
20.1387	-9.792	36.3000183	0.305046
20.1942	-9.70879	36.4000168	0.306093
20.2496	-9.62557	36.5000153	0.307176
20.3051	-9.54235	36.6000137	0.308297
20.3606	-9.45913	36.7000122	0.309457
20.4161	-9.37592	36.8000107	0.310656
20.4716	-9.2927	36.9000092	0.311895
20.527	-9.20948	37.0000076	0.313175
20.5825	-9.12626	37.1000061	0.314497
20.638	-9.04305	37.2000046	0.315861
20.6935	-8.95983	37.3000031	0.317268
20.749	-8.87661	37.4000015	0.318717
20.8044	-8.79339	37.5	0.320209
20.8599	-8.71017	37.5999985	0.321742
20.9154	-8.62696	37.6999969	0.323316
20.9709	-8.54374	37.7999954	0.32493
21.0264	-8.46052	37.8999939	0.326582
21.0818	-8.3773	37.9999924	0.328273
21.1373	-8.29409	38.0999908	0.330001
21.1928	-8.21087	38.1999893	0.331765
21.2483	-8.12765	38.2999878	0.333564
21.3037	-8.04443	38.3999863	0.335396
21.3592	-7.96122	38.4999847	0.33726
21.4147	-7.878	38.5999832	0.339167
21.4702	-7.79478	38.6999817	0.341114
21.5257	-7.71156	38.7999802	0.343098
21.5811	-7.62835	38.8999786	0.345115
21.6366	-7.54513	38.9999771	0.347164
21.6921	-7.46191	39.0999756	0.349238
21.7476	-7.37869	39.1999741	0.351336
21.8031	-7.29548	39.2999725	0.353454
21.8585	-7.21226	39.399971	0.355588
21.914	-7.12904	39.4999695	0.357735
21.9695	-7.04582	39.599968	0.359891
22.025	-6.9626	39.6999664	0.362056
22.0805	-6.87939	39.7999649	0.364249
22.1359	-6.79617	39.8999634	0.366471
22.1914	-6.71295	39.9999619	0.368715
22.2469	-6.62973	40.0999603	0.370977
22.3024	-6.54652	40.1999588	0.373249
22.3578	-6.4633	40.2999573	0.375528
22.4133	-6.38008	40.3999557	0.377806
22.4688	-6.29686	40.4999542	0.380079
22.5243	-6.21365	40.5999527	0.382342
22.5798	-6.13043	40.6999512	0.384589
22.6352	-6.04721	40.7999496	0.386815
22.6907	-5.96399	40.8999481	0.389018
22.7462	-5.88078	40.9999466	0.391228
22.8017	-5.79756	41.0999451	0.393442
22.8572	-5.71434	41.1999435	0.395655
22.9126	-5.63112	41.299942	0.397859
22.9681	-5.5479	41.3999405	0.400048
23.0236	-5.46469	41.499939	0.402214
23.0791	-5.38147	41.5999374	0.404353
23.1346	-5.29825	41.6999359	0.406458
23.19	-5.21503	41.7999344	0.408523
23.2455	-5.13182	41.8999329	0.410541
23.301	-5.0486	41.9999313	0.412507
23.3565	-4.96538	42.0999298	0.41442
23.4119	-4.88216	42.1999283	0.41631
23.4674	-4.79895	42.2999268	0.41818
23.5229	-4.71573	42.3999252	0.420022
23.5784	-4.63251	42.4999237	0.421831
23.6339	-4.54929	42.5999222	0.423599
23.6893	-4.46608	42.6999207	0.42532
23.7448	-4.38286	42.7999191	0.426987
23.8003	-4.29964	42.8999176	0.428594
23.8558	-4.21642	42.9999161	0.430134
23.9113	-4.13321	43.0999146	0.431602
23.9667	-4.04999	43.199913	0.432991
24.0222	-3.96677	43.2999115	0.434299
24.0777	-3.88355	43.39991	0.435557
24.1332	-3.80033	43.4999084	0.436769
24.1887	-3.71712	43.5999069	0.437929
24.2441	-3.6339	43.6999054	0.439031
24.2996	-3.55068	43.7999039	0.440072
24.3551	-3.46746	43.8999023	0.441045
24.4106	-3.38424	43.9999008	0.441945
24.4661	-3.30103	44.0998993	0.442769
24.5215	-3.21781	44.1998978	0.44351
24.577	-3.13459	44.2998962	0.444164
24.6325	-3.05137	44.3998947	0.444727
24.688	-2.96816	44.4998932	0.445195
24.7434	-2.88494	44.5998917	0.44559
24.7989	-2.80172	44.6998901	0.445916
24.8544	-2.7185	44.7998886	0.44617
24.9099	-2.63528	44.8998871	0.446349
24.9654	-2.55207	44.9998856	0.446451
25.0208	-2.46885	45.099884	0.446474
25.0763	-2.38563	45.1998825	0.446415
25.1318	-2.30241	45.299881	0.446273
25.1873	-2.21919	45.3998795	0.446044
25.2428	-2.13598	45.4998779	0.445728
25.2982	-2.05276	45.5998764	0.44532
25.3537	-1.96954	45.6998749	0.444819
25.4092	-1.88632	45.7998734	0.444234
25.4647	-1.80311	45.8998718	0.443565
25.5202	-1.71989	45.9998703	0.442815
25.5756	-1.63667	46.0998688	0.441984
25.6311	-1.55345	46.1998672	0.441072
25.6866	-1.47023	46.2998657	0.440081
25.7421	-1.38702	46.3998642	0.439011
25.7975	-1.3038	46.4998627	0.437862
25.853	-1.22058	46.5998611	0.436635
25.9085	-1.13736	46.6998596	0.43533
25.964	-1.05415	46.7998581	0.433948
26.0195	-0.970929	46.8998566	0.43249
26.0749	-0.887711	46.999855	0.430947
26.1304	-0.804493	47.0998535	0.429321
26.1859	-0.721275	47.199852	0.427615
26.2414	-0.638058	47.2998505	0.425834
26.2969	-0.55484	47.3998489	0.42398
26.3523	-0.471622	47.4998474	0.422057
26.4078	-0.388404	47.5998459	0.420069
26.4633	-0.305187	47.6998444	0.418018
26.5188	-0.221969	47.7998428	0.415909
26.5743	-0.138751	47.8998413	0.413744
26.6297	-0.0555334	47.9998398	0.411526
26.6852	0.0276843	48.0998383	0.409258
26.7407	0.110902	48.1998367	0.40692
26.7962	0.19412	48.2998352	0.404512
26.8517	0.277338	48.3998337	0.402038
26.9071	0.360555	48.4998322	0.399504
26.9626	0.443773	48.5998306	0.396915
27.0181	0.526991	48.6998291	0.394277
27.0736	0.610209	48.7998276	0.391593
27.129	0.693426	48.899826	0.388871
27.1845	0.776644	48.9998245	0.386113
27.24	0.859862	49.099823	0.383327
27.2955	0.94308	49.1998215	0.380515
27.351	1.0263	49.2998199	0.377682
27.4064	1.10952	49.3998184	0.374804
27.4619	1.19273	49.4998169	0.371878
27.5174	1.27595	49.5998154	0.368908
27.5729	1.35917	49.6998138	0.365901
27.6284	1.44239	49.7998123	0.362862
27.6838	1.5256	49.8998108	0.359797
27.7393	1.60882	49.9998093	0.35671
27.7948	1.69204	50.0998077	0.353607
27.8503	1.77526	50.1998062	0.350493
27.9058	1.85847	50.2998047	0.347375
27.9612	1.94169	50.3998032	0.344256
28.0167	2.02491	50.4998016	0.341141
28.0722	2.10813	50.5998001	0.338007
28.1277	2.19135	50.6997986	0.33485
28.1831	2.27456	50.7997971	0.331674
28.2386	2.35778	50.8997955	0.328485
28.2941	2.441	50.999794	0.325287
28.3496	2.52422	51.0997925	0.322083
28.4051	2.60744	51.199791	0.31888
28.4605	2.69065	51.2997894	0.315681
28.516	2.77387	51.3997879	0.312491
28.5715	2.85709	51.4997864	0.309315
28.627	2.94031	51.5997849	0.306157
28.6825	3.02352	51.6997833	0.303019
28.7379	3.10674	51.7997818	0.299885
28.7934	3.18996	51.8997803	0.29675
28.8489	3.27318	51.9997787	0.293617
28.9044	3.3564	52.0997772	0.290489
28.9599	3.43961	52.1997757	0.28737
29.0153	3.52283	52.2997742	0.284262
29.0708	3.60605	52.3997726	0.28117
29.1263	3.68927	52.4997711	0.278098
29.1818	3.77249	52.5997696	0.275048
29.2372	3.8557	52.6997681	0.272023
29.2927	3.93892	52.7997665	0.269027
29.3482	4.02214	52.899765	0.266062
29.4037	4.10536	52.9997635	0.263116
29.4592	4.18857	53.099762	0.260186
29.5146	4.27179	53.1997604	0.257273
29.5701	4.35501	53.2997589	0.254379
29.6256	4.43823	53.3997574	0.251507
29.6811	4.52144	53.4997559	0.248657
29.7366	4.60466	53.5997543	0.245832
29.792	4.68788	53.6997528	0.243032
29.8475	4.7711	53.7997513	0.240261
29.903	4.85431	53.8997498	0.23752
29.9585	4.93753	53.9997482	0.234811
30.014	5.02075	54.0997467	0.232134
30.0694	5.10397	54.1997452	0.229485
30.1249	5.18719	54.2997437	0.226862
30.1804	5.2704	54.3997421	0.224266
30.2359	5.35362	54.4997406	0.221696
30.2914	5.43684	54.5997391	0.219154
30.3468	5.52006	54.6997375	0.21664
30.4023	5.60327	54.799736	0.214155
30.4578	5.68649	54.8997345	0.211699
30.5133	5.76971	54.999733	0.209274
30.5687	5.85293	55.0997314	0.206879
30.6242	5.93614	55.1997299	0.204516
30.6797	6.01936	55.2997284	0.202184
30.7352	6.10258	55.3997269	0.199882
30.7907	6.1858	55.4997253	0.197609
30.8461	6.26901	55.5997238	0.195364
30.9016	6.35223	55.6997223	0.193148
30.9571	6.43545	55.7997208	0.19096
31.0126	6.51867	55.8997192	0.188799
31.0681	6.60188	55.9997177	0.186668
31.1235	6.6851	56.0997162	0.184565
31.179	6.76832	56.1997147	0.182492
31.2345	6.85154	56.2997131	0.180446
31.29	6.93476	56.3997116	0.17843
31.3455	7.01797	56.4997101	0.176441
31.4009	7.10119	56.5997086	0.174481
31.4564	7.18441	56.699707	0.172551
31.5119	7.26763	56.7997055	0.170648
31.5674	7.35084	56.899704	0.168773
31.6228	7.43406	56.9997025	0.166926
31.6783	7.51728	57.0997009	0.165105
31.7338	7.6005	57.1996994	0.16331
31.7893	7.68371	57.2996979	0.16154
31.8448	7.76693	57.3996964	0.159795
31.9002	7.85015	57.4996948	0.158074
31.9557	7.93337	57.5996933	0.156377
32.0112	8.01658	57.6996918	0.154703
32.0667	8.0998	57.7996902	0.153054
32.1222	8.18302	57.8996887	0.151432
32.1776	8.26624	57.9996872	0.149836
32.2331	8.34945	58.0996857	0.148264
32.2886	8.43267	58.1996841	0.146717
32.3441	8.51589	58.2996826	0.145193
32.3995	8.59911	58.3996811	0.143691
32.455	8.68233	58.4996796	0.142211
32.5105	8.76554	58.599678	0.140753
32.566	8.84876	58.6996765	0.139315
32.6214	8.93198	58.799675	0.137896
32.6769	9.0152	58.8996735	0.136496
32.7324	9.09841	58.9996719	0.135117
32.7879	9.18163	59.0996704	0.133762
32.8434	9.26485	59.1996689	0.132427
32.8988	9.34807	59.2996674	0.131114
32.9543	9.43128	59.3996658	0.129821
33.0098	9.5145	59.4996643	0.128547
33.0653	9.59772	59.5996628	0.127291
33.1207	9.68094	59.6996613	0.126053
33.1762	9.76415	59.7996597	0.124833
33.2317	9.84737	59.8996582	0.123628
33.2872	9.93059	59.9996567	0.122439
33.3427	10.0138	60.0996552	0.121264
33.3981	10.097	60.1996536	0.120107
33.4536	10.1802	60.2996521	0.118969
33.5091	10.2635	60.3996506	0.117848
33.5646	10.3467	60.499649	0.116745
33.62	10.4299	60.5996475	0.115657
33.6755	10.5131	60.699646	0.114586
33.731	10.5963	60.7996445	0.113529
33.7865	10.6795	60.8996429	0.112486
33.8419	10.7628	60.9996414	0.111457
33.8974	10.846	61.0996399	0.110441
33.9529	10.9292	61.1996384	0.109436
34.0084	11.0124	61.2996368	0.108444
34.0639	11.0956	61.3996353	0.107464
34.1193	11.1789	61.4996338	0.1065
34.1748	11.2621	61.5996323	0.10555
34.2303	11.3453	61.6996307	0.104614
34.2858	11.4285	61.7996292	0.10369
34.3412	11.5117	61.8996277	0.10278
34.3967	11.5949	61.9996262	0.101881
34.4522	11.6782	62.0996246	0.100993
34.5077	11.7614	62.1996231	0.100117
34.5631	11.8446	62.2996216	0.0992508
34.6186	11.9278	62.3996201	0.0983945
34.6741	12.011	62.4996185	0.0975474
34.7296	12.0942	62.599617	0.0967113
34.7851	12.1775	62.6996155	0.0958871
34.8405	12.2607	62.799614	0.0950743
34.896	12.3439	62.8996124	0.0942724
34.9515	12.4271	62.9996109	0.0934811
35.007	12.5103	63.0996094	0.0926998
35.0624	12.5936	63.1996078	0.0919283
35.1179	12.6768	63.2996063	0.0911663
35.1734	12.76	63.3996048	0.0904134
35.2289	12.8432	63.4996033	0.0896691
35.2844	12.9264	63.5996017	0.088933
35.3398	13.0096	63.6996002	0.0882048
35.3953	13.0929	63.7995987	0.0874856
35.4508	13.1761	63.8995972	0.0867762
35.5063	13.2593	63.9995956	0.0860761
35.5617	13.3425	64.0995941	0.085385
35.6172	13.4257	64.1995926	0.0847027
35.6727	13.5089	64.2995911	0.0840287
35.7282	13.5922	64.3995895	0.0833628
35.7836	13.6754	64.499588	0.0827045
35.8391	13.7586	64.5995865	0.0820534
35.8946	13.8418	64.699585	0.0814093
35.9501	13.925	64.7995834	0.0807718
36.0056	14.0083	64.8995819	0.0801404
36.061	14.0915	64.9995804	0.0795163
36.1165	14.1747	65.0995789	0.0789003
36.172	14.2579	65.1995773	0.0782919
36.2275	14.3411	65.2995758	0.0776911
36.2829	14.4243	65.3995743	0.0770973
36.3384	14.5076	65.4995728	0.0765104
36.3939	14.5908	65.5995712	0.07593
36.4494	14.674	65.6995697	0.0753558
36.5048	14.7572	65.7995682	0.0747874
36.5603	14.8404	65.8995667	0.0742246
36.6158	14.9236	65.9995651	0.0736669
36.6713	15.0069	66.0995636	0.0731141
36.7268	15.0901	66.1995621	0.0725668
36.7822	15.1733	66.2995605	0.0720256
36.8377	15.2565	66.399559	0.0714901
36.8932	15.3397	66.4995575	0.0709601
36.9487	15.423	66.599556	0.0704354
37.0041	15.5062	66.6995544	0.0699157
37.0596	15.5894	66.7995529	0.0694009
37.1151	15.6726	66.8995514	0.0688909
37.1706	15.7558	66.9995499	0.0683854
37.2261	15.839	67.0995483	0.0678842
37.2815	15.9223	67.1995468	0.0673869
37.337	16.0055	67.2995453	0.0668933
37.3925	16.0887	67.3995438	0.0664038
37.448	16.1719	67.4995422	0.0659188
37.5034	16.2551	67.5995407	0.0654381
37.5589	16.3383	67.6995392	0.0649615
37.6144	16.4216	67.7995377	0.064489
37.6699	16.5048	67.8995361	0.0640203
37.7253	16.588	67.9995346	0.0635554
37.7808	16.6712	68.0995331	0.063094
37.8363	16.7544	68.1995316	0.0626361
37.8918	16.8377	68.29953	0.0621814
37.9473	16.9209	68.3995285	0.0617299
38.0027	17.0041	68.499527	0.0612815
38.0582	17.0873	68.5995255	0.0608361
38.1137	17.1705	68.6995239	0.060394
38.1692	17.2537	68.7995224	0.0599552
38.2246	17.337	68.8995209	0.0595196
38.2801	17.4202	68.9995193	0.0590873
38.3356	17.5034	69.0995178	0.0586581
38.3911	17.5866	69.1995163	0.0582322
38.4465	17.6698	69.2995148	0.0578094
38.502	17.753	69.3995132	0.0573898
38.5575	17.8363	69.4995117	0.0569733
38.613	17.9195	69.5995102	0.05656
38.6685	18.0027	69.6995087	0.0561498
38.7239	18.0859	69.7995071	0.0557425
38.7794	18.1691	69.8995056	0.0553378
38.8349	18.2524	69.9995041	0.054936
38.8904	18.3356	70.0995026	0.0545371
38.9458	18.4188	70.199501	0.0541411
39.0013	18.502	70.2994995	0.0537481
39.0568	18.5852	70.399498	0.0533582
39.1123	18.6684	70.4994965	0.0529715
39.1678	18.7517	70.5994949	0.0525882
39.2232	18.8349	70.6994934	0.0522083
39.2787	18.9181	70.7994919	0.0518319
39.3342	19.0013	70.8994904	0.051459
39.3897	19.0845	70.9994888	0.0510893
39.4451	19.1677	71.0994873	0.0507224
39.5006	19.251	71.1994858	0.0503585
39.5561	19.3342	71.2994843	0.0499976
39.6116	19.4174	71.3994827	0.0496397
39.667	19.5006	71.4994812	0.049285
39.7225	19.5838	71.5994797	0.0489334
39.778	19.6671	71.6994781	0.048585
39.8335	19.7503	71.7994766	0.0482398
39.889	19.8335	71.8994751	0.0478981
39.9444	19.9167	71.9994736	0.0475597
39.9999	19.9999	72.099472	0.0472244
40	20	72.1110229	0.0472244
